x=[1.02 0.95 0.87 0.77 0.67 0.56 0.44 0.3 0.16 0.01]
y=[0.39 0.32 0.27 0.22 0.18 0.15 0.13 0.12 0.13 0.15]
a=[y.*y; x.*y; ones(1,10).*x; ones(1,10).*y; ones(1,10)]'
b=[x.*x]'
mat=a'*a
koef=a'*b
balioak=mat\koef
